cam 0 75 500 -100 -100 101 100 -100 101 -100 100 101 100 100 101
ltp 200 200 200 0.4 0.4 0.4
ltp -200 200 200 0.4 0.4 0.4
xft 0 -95 0
# right wall
mat 0.1 0 0 1 0 0 0.8 0.8 0.8 16 0.7 0.7 0.7
tri 0 0 0 100 0 100 0 200 0
# left wall
mat 0 0.1 0 0 1 0 0.8 0.8 0.8 16 0.7 0.7 0.7
tri 0 0 0 0 200 0 -100 0 100
# bottom wall
mat 0 0 0.1 0 0 1 0.8 0.8 0.8 16 0.7 0.7 0.7
tri 0 0 0 -100 0 100 100 0 100
# spheres
mat 0.1 0.1 0.1 0.9 0.9 0.9 0.8 0.8 0.8 5 1 1 1
sph 0 50 50 15
xft 0 35 0
sph 0 50 50 15
xft 0 35 0
sph 0 50 50 15
