cam 0 0 100 -50 -50 0 50 -50 0 -50 50 0 50 50 0
ltp 200 200 200 1 1 1
# Red Sphere
mat 0.1 0 0 1 0 0 0.8 0.8 0.8 16 0.7 0.7 0.7
sph -50 -50 -75 30
# Green Sphere
mat 0 0.1 0 0 1 0 0.8 0.8 0.8 16 0.7 0.7 0.7
sph -50 -50 -175 30
# Blue Sphere
mat 0 0 0.1 0 0 1 0.8 0.8 0.8 16 0.7 0.7 0.7
sph 50 50 -75 30
# Yellow Sphere 4
mat 0.1 0.1 0 1 1 0 0.8 0.8 0.8 16 0.7 0.7 0.7
sph -50 50 -175 30
# Cyan Sphere
mat 0 0.1 0.1 0 1 1 0.8 0.8 0.8 16 0.7 0.7 0.7
sph 0 0 -125 30
# Violet Sphere
mat 0.1 0 0.1 1 0 1 0.8 0.8 0.8 16 0.7 0.7 0.7
sph 50 -50 -75 30
