cam 0 0 150 -50 -50 50 50 -50 50 -50 50 50 50 50 50
ltd 9 126 71 0.0817499696841 0.233339091671 0.797488630815
ltp 65 169 5 0.177676526596 0.186222406101 0.620111062769
ltp -65 -174 -24 0.172538390342 0.613083982945 0.32074586163
ltp 14 -78 22 0.37633626413 0.65226820055 0.339300251315
mat 0.242312492831 0.0663350783005 0.299927311934 0.634299665511 0.650463236483 0.681844836032 0.575180326562 0.944866455611 0.438689140855 15 0.423829544959 0.0304775282323 0.13508723718
tri 82 86 -25 -93 76 -46 95 62 -6
mat 0.299789536835 0.130209304886 0.255930320982 0.552988261385 0.174460447157 0.377879520086 0.0927618327635 0.955795894409 0.304009635675 22 0.28734546124 0.477284671751 0.447005725757
tri 62 -27 -13 -18 -29 -1 14 -87 -51
mat 0.0897124864262 0.147273575088 0.186126025623 0.344749011829 0.339094785909 0.0226371741638 0.0888261521675 0.8069120953 0.690046037937 37 0.477890637271 0.218288255117 0.415626775862
sph -88 5 -138 45
