cam 0 0 150 -50 -50 50 50 -50 50 -50 50 50 50 50 50
ltd -79 84 12 0.332143294831 0.373281318874 0.180420535723
ltd 175 -288 72 0.335752513076 0.493420136516 0.479532260528
ltd 139 -272 104 0.422486648451 0.496053121323 0.491045430713
ltp -336 16 185 0.314168440457 0.0771756627105 0.788496324433
ltp 205 71 168 0.17199973617 0.210044849459 0.386328795389
ltp 167 310 60 0.677607315762 0.666296934808 0.674055871371
ltp -487 -58 -37 0.30379985605 0.332124176105 0.471030724841
ltp -249 -357 150 0.337304553779 0.732255729059 0.202306384169
mat 0.160188188686 0.021663118408 0.176696915851 0.0549885470309 0.405237619445 0.228217867135 0.454433917594 0.466779887776 0.393265095934 36 0.059740897025 0.212796413346 0.165867067164
sph 0 0 -150 100
