cam 0 0 150 -50 -50 50 50 -50 50 -50 50 50 50 50 50
ltd -382 79 111 0.500812681525 0.685042071909 0.141784188712
ltd -376 387 -11 0.604281670775 0.118731855141 0.143760227092
ltp 128 -66 73 0.295428302057 0.372355248146 0.600145684476
ltp -256 80 127 0.759255432342 0.599783185642 0.421694402695
ltp -115 243 16 0.218791017466 0.422603263951 0.604284985201
mat 0.26187271071 0.215820351147 0.111627875878 0.991437737538 0.253883084055 0.400884736479 0.816619269696 0.446215701689 0.738009899136 7 0.253534586119 0.319500111408 0.282655410168
tri 99 83 -110 -46 68 -103 -16 48 -167
mat 0.220987997438 0.0802317305997 0.210094438838 0.749501718327 0.566611470282 0.260730293651 0.631060284224 0.363140421169 0.234732309195 8 0.371232705649 0.137913519652 0.0752808759117
sph 1 -61 -239 37
mat 0.0819183224282 0.198220055353 0.193151675164 0.309031206879 0.75052340003 0.396025747168 0.899592858664 0.397438513459 0.125371519657 17 0.267206237492 0.0448321561845 0.443582806068
sph -42 45 -204 31
mat 0.279447510988 0.0313601163751 0.287768175057 0.332574381204 0.467837379251 0.290966756707 0.594671930562 0.238529027848 0.973794834621 33 0.484424491448 0.208039087871 0.378310288929
sph -75 8 -237 15
mat 0.157926349466 0.279925175008 0.13866972086 0.498437620823 0.402208345744 0.224070294178 0.855133213196 0.578200675651 0.662549337729 41 0.343866342046 0.19100400743 0.0218736635301
sph 90 -75 -96 39
mat 0.055436653078 0.168807341388 0.29156129231 0.537017705841 0.81859512488 0.396460205366 0.549784462991 0.0324257052276 0.937034289148 39 0.419482445668 0.0214726537495 0.228537299417
sph 19 -36 -129 20
